{
  "Currencies": [
    {
      "id": "eur",
      "InterestRate": 0.02115,
      "Volatility": 0
    },
    {
      "id": "au_dollar",
      "InterestRate": 0.0563,
      "Volatility": 0.0045591849219006825,
      "Spot": 0.8325593622344786
    },
    {
      "id": "us_dollar",
      "InterestRate": 0.0354,
      "Volatility": 0.005796442562055856,
      "Spot": 1.008253624889047
    },
    {
      "id": "k_won",
      "InterestRate": 0.0325,
      "Volatility": 0.00576729371064248,
      "Spot": 0.0009468411608612419
    }
  ],
  "DomesticCurrencyId": "eur",
  "Assets": [
    {
      "CurrencyId": "eur",
      "Volatility": 0.0069844474121299885,
      "Spot": 4252.75
    },
    {
      "CurrencyId": "au_dollar",
      "Volatility": 0.006527338267796235,
      "Spot": 2676.3465245130956
    },
    {
      "CurrencyId": "us_dollar",
      "Volatility": 0.00934267991551241,
      "Spot": 1264.5651443922095
    },
    {
      "CurrencyId": "k_won",
      "Volatility": 0.009500520690549881,
      "Spot": 0.7354376965877487
    }
  ],
  "Past": [
    [
      6462.7,
      2050.7023297302976,
      3830.2025396159097,
      0.7503152161382367,
      0.617588414314199,
      1.04942806170637,
      0.0009399266114701
    ],
    [
      5205.78,
      2102.616998703287,
      2148.013674407632,
      0.4893779545979303,
      0.609454202522692,
      1.17882824472474,
      0.0009124057621708
    ],
    [
      3735.66,
      1836.36994929006,
      977.3427991886406,
      0.5922944739963639,
      0.571703853955375,
      1.01419878296146,
      0.0008516953165615
    ],
    [
      3079.07,
      1789.283564493758,
      1079.8803744798893,
      0.46282470679073034,
      0.590152565880721,
      0.866851595006935,
      0.0007302262614833
    ],
    [
      3685.06,
      2047.318626734843,
      1202.167031896762,
      0.5012032954831886,
      0.579254930606282,
      0.811622433244055,
      0.0007051454676316
    ],
    [
      4252.75,
      2676.3465245130956,
      1264.5651443922095,
      0.7354376965877487,
      0.622145735392881,
      0.83948959032908,
      0.0008002760632307
    ]
  ],
  "Dates": [
    0.0,
    1.0277777777777777,
    2.0595238095238093,
    3.0952380952380953,
    4.134920634920635,
    5.174603174603175
  ],
  "TodayDate": 5.174603174603175,
  "isTodayAFixingDate": 1,
  "NumberOfDaysInOneYear": 252,
  "Correlation": [
    [
      1.0,
      0.483421697913173,
      0.2405678081909046,
      0.4139195594860941,
      0.1235715110823769,
      0.1791056378965365,
      0.094411693937294
    ],
    [
      0.483421697913173,
      1.0,
      0.2484031408976782,
      0.4196272103145807,
      0.2010991738728832,
      0.0169387569840638,
      0.0371279670360579
    ],
    [
      0.2405678081909046,
      0.2484031408976782,
      1.0,
      0.2730877605720081,
      0.0748314158519765,
      0.0580677154378636,
      -0.006435731122864
    ],
    [
      0.4139195594860941,
      0.4196272103145807,
      0.2730877605720081,
      1.0,
      0.1340203995691025,
      -0.0235400584986382,
      0.022214387815247
    ],
    [
      0.1235715110823769,
      0.2010991738728832,
      0.0748314158519765,
      0.1340203995691025,
      1.0,
      0.4070640351602769,
      0.5786665697617308
    ],
    [
      0.1791056378965365,
      0.0169387569840638,
      0.0580677154378636,
      -0.0235400584986382,
      0.4070640351602769,
      1.0,
      0.7199587799754296
    ],
    [
      0.094411693937294,
      0.0371279670360579,
      -0.006435731122864,
      0.022214387815247,
      0.5786665697617308,
      0.7199587799754296,
      1.0
    ]
  ],
  "SampleNb": 50000,
  "RelativeFiniteDifferenceStep": 0.01
}